900792191
142772231
231502428
741772975
887489337
450237205
575570338
220765376
291311059
902452946
684960397
094274694
334056648
305676730
237541675
743851911
806572882
673840526
859291113
107841430
752360231
548530552
653982350
288737029
758564052
882790757
322766375
749390337
882201705
184291936
288331004
345895624
309988345
974838586
465855926
233403107
717807458
819984418
162387702
521444116
888801553
824720245
886203020
282595360
377414454
709894275
547258331
217338334
366626664
637740199
314761337
077847095
333310560
365171585
951817427
320314358
483945840
349276144
852095931
560533026
774034889
134527567
485625576
945456620
187185021
488065427
507814980
612292317
279769775
997300420
919207260
518643386
033223354
789619099
558549025
631838149
352904112
259118491
370735656
623005033
862286184
618208428
194423201
852831087
962831310
165171266
263064363
742576995
639175417
723634099
152963742
460797682
461821679
042186993
139456392
170145120
554893128
298568382
249235818
163973305